# csort
0.000007 0.000335 0.003274 0.016537 0.033910 0.168787 0.250935 0.333520 1.680352 3.321122
0.000006 0.000338 0.003337 0.016415 0.034316 0.168263 0.249744 0.332251 1.662578 3.328614
0.000006 0.000326 0.003228 0.016422 0.033994 0.165986 0.249554 0.331546 1.659505 3.329933
0.000006 0.000318 0.003215 0.016375 0.033844 0.165886 0.249806 0.337808 1.663164 3.316214
0.000006 0.000316 0.003395 0.020321 0.033209 0.165462 0.249629 0.331867 1.642584 3.321729
0.000007 0.000322 0.003321 0.016890 0.033309 0.168083 0.251835 0.333937 1.646769 3.326488
0.000007 0.000319 0.003264 0.016593 0.033762 0.166604 0.251797 0.332175 1.658345 3.277635
0.000006 0.000326 0.003314 0.016368 0.032972 0.168170 0.252975 0.332061 1.661339 3.301045
0.000006 0.000337 0.003318 0.016458 0.032731 0.166646 0.249910 0.333414 1.660884 3.309599
