# csort
0.002041 0.002786 0.006123 0.019795 0.036304 0.157729 0.318013 0.399446 2.058660 4.401254
0.023126 0.023664 0.028523 0.051646 0.081325 0.218844 0.366910 0.469533 2.090183 4.184996
0.216306 0.239171 0.247666 0.286542 0.354021 0.600547 0.844976 0.978708 2.835598 5.144059
0.551026 0.594606 0.612168 0.677801 0.793730 1.129832 1.549250 1.688841 3.775809 6.252936
1.047787 1.188222 1.213337 1.317092 1.487401 1.979724 2.535743 2.642530 4.965916 7.685116
1.623861 1.780022 1.816301 1.951300 2.188817 2.840894 3.483817 3.704377 6.151120 8.964798
2.272909 2.373878 2.418644 2.594012 2.905405 3.729462 4.177325 4.587481 7.321872 10.130485
3.045843 3.583087 3.642373 3.852008 4.195889 5.378782 5.948159 6.527616 9.418401 12.398525
4.403675 4.769167 4.817603 5.059988 5.507229 6.993361 7.778573 8.589778 11.245194 14.376960
