# ssort
1.000000000000000000e+01 1.000000000000000000e+03 5.000000000000000000e+03 1.000000000000000000e+04 2.000000000000000000e+04 3.500000000000000000e+04 5.000000000000000000e+04 7.000000000000000000e+04 8.500000000000000000e+04 1.000000000000000000e+05 2.000000000000000000e+05 5.000000000000000000e+05 1.000000000000000000e+06
4.294164824614199460e-06 1.816762041144670548e-04 8.713851390211857506e-04 1.902645337658270819e-03 3.839313673545063921e-03 7.072159145707246353e-03 1.138977671664065383e-02 1.622302438688905113e-02 2.212452813734699930e-02 2.998582264967097899e-02 6.581732490707992156e-02 1.961356480423219750e-01 4.578422019948646948e-01
4.954805568502251845e-06 1.730878744652386558e-04 9.073900594671613362e-04 1.899011813577544672e-03 3.642773052725090110e-03 6.519533164826896154e-03 1.104954673438385271e-02 1.761598539191311374e-02 2.092909871426229529e-02 2.735845441777229325e-02 6.709368282109551274e-02 2.140733654757127624e-01 4.864720595210911824e-01
3.303203705229407205e-06 1.800246022654050648e-04 8.875708372002577562e-04 2.102489162190579464e-03 3.784150171561861953e-03 6.478903759173704202e-03 1.003348127282066571e-02 1.692363389404505369e-02 2.212584941883477541e-02 2.747439686803687664e-02 6.651330992903581318e-02 2.161794881619769626e-01 4.893983676888495893e-01
3.303203712334834563e-06 1.763910781775734904e-04 8.766702649580793150e-04 2.791537456353410107e-03 3.685384380602840793e-03 6.882885573055830264e-03 1.054250496471809129e-02 1.691867908847655144e-02 2.240530045280308968e-02 2.773171643713823187e-02 6.614731495783132686e-02 2.247489895499796830e-01 4.896190216967681863e-01
3.303203705229407205e-06 1.770517189214615428e-04 8.793128279265260971e-04 1.895708609865209837e-03 3.616677743409013601e-03 8.770336173647308442e-03 1.004405152469445284e-02 1.581970321375791855e-02 2.159040009724577658e-02 2.851028155187407265e-02 6.667186370717104182e-02 2.132422794219621665e-01 4.867406099828031074e-01
2.972883343943522050e-06 1.793639615215170124e-04 1.227800819457058878e-03 1.883486756135255291e-03 3.689348225059063680e-03 6.446202042432958024e-03 1.028485507524123932e-02 1.672643263248119183e-02 2.226491429507859721e-02 2.803627181931034329e-02 6.516956665931417092e-02 2.167793499559422798e-01 4.882372915843689043e-01
2.972883343943522050e-06 1.863006893145779941e-04 9.206028743093952471e-04 1.755652772509108672e-03 3.788774656761972892e-03 6.419115772004602150e-03 1.012101617116911711e-02 1.688201352727958238e-02 2.299558295599979374e-02 2.836923475340569212e-02 6.734340502165991893e-02 2.154874669844843993e-01 4.878009383741215288e-01
2.972883336838094692e-06 2.351881042415016054e-04 9.021049335373731992e-04 1.785381605913016756e-03 3.612053258216008089e-03 6.817151819205946595e-03 9.977987450469072428e-03 1.647142530597989207e-02 2.181799083295032915e-02 2.746085373281914599e-02 6.640727708990112887e-02 2.119345410726936052e-01 5.259810184701905200e-01
2.972883343943522050e-06 1.760607578091821779e-04 9.433949799273477765e-04 1.759286296596940247e-03 3.628899597146073575e-03 6.746793580155951986e-03 1.018542864353122468e-02 1.592507541214160938e-02 2.204987573347949592e-02 2.764946666472667403e-02 6.709698602480074214e-02 2.158435523445376703e-01 4.885540688202638648e-01
2.972883343943522050e-06 1.754001170652941255e-04 1.327557571535464831e-03 1.814119478197540047e-03 3.822797654990495175e-03 6.515899640739064580e-03 1.100660508613771071e-02 1.648397748007823793e-02 2.190750765352333929e-02 2.747538782914915600e-02 6.837334393882343875e-02 2.168672151746591226e-01 4.895929263874450044e-01
