# ssort
1.000000000000000000e+01 1.000000000000000000e+03 5.000000000000000000e+03 1.000000000000000000e+04 2.000000000000000000e+04 3.500000000000000000e+04 5.000000000000000000e+04 7.000000000000000000e+04 8.500000000000000000e+04 1.000000000000000000e+05 2.000000000000000000e+05 5.000000000000000000e+05 1.000000000000000000e+06
3.963844453458520385e-06 1.724272337254458519e-04 8.803037890389130149e-04 1.795951857787830841e-03 3.617999024894236193e-03 6.414160966438209321e-03 1.049956331646928476e-02 1.697714579416276237e-02 2.193987904989302962e-02 2.695414228351822317e-02 6.091537059963680889e-02 1.634154333605071230e-01 3.324605168060408289e-01
3.303203711215429701e-06 1.740788355810533872e-04 9.282002428515415127e-04 1.719317531687636347e-03 3.692651428767734778e-03 6.212335219682896259e-03 1.060658711671269572e-02 1.748716044717424367e-02 2.516909099797715044e-02 2.795666460987167312e-02 6.095732128676978334e-02 1.634527595624444274e-01 3.335895518345353139e-01
3.303203711215436478e-06 1.816762041168488301e-04 9.202725539446190983e-04 1.777123596633900515e-03 3.602804287822669593e-03 6.418124810891656651e-03 1.071823540215177673e-02 1.696756650340036643e-02 2.304447037092316464e-02 2.769670247779920658e-02 6.139499577850671130e-02 1.633929715752717726e-01 3.333814500007257209e-01
2.972883340093886054e-06 1.724272337254454182e-04 8.707244982763887031e-04 1.719317531687636347e-03 3.589591472977826658e-03 6.295575953205401198e-03 1.062739730009343297e-02 1.677598068814978305e-02 2.290936933913467755e-02 2.779084378356877494e-02 6.139136225442420880e-02 1.644860016833131766e-01 3.323273976964777887e-01
2.972883340093872501e-06 1.724272337254462856e-04 9.480194651188406096e-04 1.841536069002613907e-03 3.893486214409602741e-03 6.222905471558792811e-03 1.408750318759155462e-02 1.700225014236789178e-02 2.187348465529748154e-02 2.703804365778239571e-02 6.283651387808042443e-02 1.632733956009282394e-01 3.321572827053529409e-01
2.972883340093872501e-06 1.717665929832010163e-04 8.627968093694593499e-04 1.802227944839140950e-03 3.786132093795191444e-03 6.208371375229448930e-03 1.021879100101608095e-02 1.706798389622132817e-02 2.240430949168992214e-02 2.729073874169074543e-02 6.070495652323160130e-02 1.630715698541713721e-01 3.326474781360957422e-01
2.972883340093872501e-06 1.800246022612417285e-04 8.651090519673221291e-04 1.902315017288991328e-03 3.521875796897888655e-03 6.234136364176912082e-03 1.038758471065914790e-02 1.706963549807660740e-02 2.222461520980001382e-02 2.694588427424005062e-02 6.087771407732844864e-02 1.628000465091083981e-01 3.338052510368783032e-01
3.303203711215395820e-06 1.730878744676880854e-04 8.581723241737615471e-04 1.855409524589735071e-03 3.539052456196123408e-03 6.300200438401182268e-03 1.013092578229768392e-02 1.695072016447296548e-02 2.245683043069757190e-02 2.763625384988355194e-02 6.096227609233650924e-02 1.638151210095664112e-01 3.342250882285711100e-01
2.972883340093899606e-06 1.816762041168505648e-04 9.387704947274172484e-04 1.809494993003812890e-03 3.612053258214120710e-03 6.210022977084950213e-03 1.011176720077244795e-02 1.707723286661266826e-02 2.184243454041201460e-02 2.691219159638524872e-02 6.202557736697755786e-02 1.668438284923787762e-01 3.326966958713910572e-01
3.303203711215450030e-06 1.720969133543262530e-04 8.555297612048012867e-04 1.771177829953729521e-03 3.758715502992004964e-03 6.277408332793887880e-03 1.040079752550404635e-02 1.679018446410829313e-02 2.237953546385629267e-02 2.722071082301358302e-02 6.252601272922575504e-02 1.636730832499821986e-01 3.350875547175746760e-01
