# ssort
1.000000000000000000e+01 1.000000000000000000e+02 1.000000000000000000e+03 5.000000000000000000e+03 1.000000000000000000e+04 1.500000000000000000e+04 2.000000000000000000e+04 5.000000000000000000e+04 1.000000000000000000e+05
1.778345782007053136e-02 1.759748745112910129e-02 1.823797865073339963e-02 1.785910118505729116e-02 1.836911583806877246e-02 1.850058334577653341e-02 1.798198036311404735e-02 1.997447284171904869e-02 2.678997305907060422e-02
1.743166662482609208e-02 1.743563046927976146e-02 1.784423676835711348e-02 1.743959431373287572e-02 1.768436170873410873e-02 1.766289088461014956e-02 1.963952798540269384e-02 1.993747696015368831e-02 2.718966070812811608e-02
1.733422211534518809e-02 1.764373230308580176e-02 1.763745621603529656e-02 1.812236652084120436e-02 1.857721767187570094e-02 1.886955120031963418e-02 1.817885130430241247e-02 2.009702169940652539e-02 2.704068622075261885e-02
1.766024832164225788e-02 1.748121468049435023e-02 1.806687269849316380e-02 1.782970267202710346e-02 1.815638951906706211e-02 1.786174374802662612e-02 1.824161217481545805e-02 2.013798142542455594e-02 2.761907719058598332e-02
1.754628779360523083e-02 1.756941021958402516e-02 1.807711262999767143e-02 1.874700234263215748e-02 1.834830565468870134e-02 1.767610369945593618e-02 1.925371379193308030e-02 2.013071437725955093e-02 2.705290807448434975e-02
1.741713252849674820e-02 1.743331822668148234e-02 1.757535598626347451e-02 1.781021377013125573e-02 1.769328035875439298e-02 1.870141813141756870e-02 1.868093826840677707e-02 2.054097227819440263e-02 2.693201081865481683e-02
1.737121799691099255e-02 1.806852430034844303e-02 1.777387852930800705e-02 2.111011427763553883e-02 1.777586045153611849e-02 1.769328035875439298e-02 1.817819066356030078e-02 2.009702169940474903e-02 2.696735509836045708e-02
1.787165335915985587e-02 1.749310621385458120e-02 1.758097143257320027e-02 1.768171914576477377e-02 1.841668197151058450e-02 1.766949729203304287e-02 1.815738048018111783e-02 2.010065522348902789e-02 2.686330418146098964e-02
1.756874957884169142e-02 1.767973722353843868e-02 1.766223024386892604e-02 1.756643733624319026e-02 2.303257883756337776e-02 1.774018585145498150e-02 1.858151183669853879e-02 2.075138635459694569e-02 2.671267809222754863e-02
1.733851628016980229e-02 1.749475781571030453e-02 1.791096148332371740e-02 1.767280049574448952e-02 1.825977979522797057e-02 1.769625324209478379e-02 1.837440096400655420e-02 1.994969881388541921e-02 2.671829353853638622e-02
