# ssort
1.000000000000000000e+01 1.000000000000000000e+02 1.000000000000000000e+03 5.000000000000000000e+03 1.000000000000000000e+04 1.500000000000000000e+04 2.000000000000000000e+04 5.000000000000000000e+04 1.000000000000000000e+05
2.315512769524730174e-02 2.425641581257309554e-02 2.416921123459303544e-02 2.210933340028020666e-02 2.233031772856008956e-02 2.287171281682987001e-02 2.256154198834536828e-02 2.864769482626172703e-02 3.599468052073717672e-02
2.383525733938540725e-02 2.538115667623230820e-02 2.209347802246242054e-02 2.211065468176087734e-02 2.215161440778246060e-02 3.034388993196301954e-02 2.187018145158958760e-02 2.842109505166945382e-02 3.529572261545155243e-02
2.346067403853879796e-02 2.410744132519226923e-02 2.223518546167468912e-02 2.230290113775623695e-02 2.297741533558195215e-02 2.274982459988450501e-02 2.175258739946883679e-02 2.856115088902555499e-02 3.546947113066067914e-02
2.313068398778739265e-02 2.559817716006307364e-02 2.162310181398652276e-02 2.368793445386785379e-02 2.241223718059615067e-02 2.250241464191304885e-02 2.310161579512737262e-02 3.003471006459790260e-02 3.492080899422944640e-02
2.353367484055013392e-02 2.427887759780844590e-02 2.237689290088695770e-02 2.227152070249616145e-02 2.413155471228378701e-02 2.220545662827788647e-02 2.248193477890225722e-02 2.851986084263558041e-02 3.653178144418944839e-02
2.343656065144728018e-02 2.489360380845795362e-02 2.209281738171853249e-02 2.261472356809690609e-02 2.238944507498530356e-02 2.384087278569779755e-02 2.289846876688983457e-02 3.098735401491126140e-02 3.445340566909038671e-02
2.356340367395404201e-02 2.535803425026017521e-02 2.299492231525590569e-02 2.255526590129619535e-02 2.192204174985334930e-02 2.334274966604965584e-02 2.226656589693476462e-02 2.945268557068203563e-02 3.605645043014504836e-02
2.376589006145479743e-02 2.501582234577881536e-02 2.144902297840900474e-02 2.194879769991331386e-02 2.177802206804813068e-02 2.179751096993953752e-02 2.221371463755161813e-02 2.987780788831173595e-02 3.483063153290544278e-02
2.342070527362949406e-02 2.429341169413845591e-02 2.271018615534359242e-02 2.179057424214647654e-02 2.340385893469942857e-02 2.993528363289499339e-02 2.192270239059723735e-02 3.237205701065448693e-02 3.475333656606949262e-02
2.363045870929170178e-02 2.440142645549059353e-02 2.250241464191304885e-02 2.149691943222364898e-02 2.182096371628716724e-02 2.223419450056240976e-02 2.347124429041258509e-02 2.888882869717690483e-02 3.502287798890790782e-02
