# ssort
1.000000000000000000e+01 1.000000000000000000e+02 1.000000000000000000e+03 5.000000000000000000e+03 1.000000000000000000e+04 1.500000000000000000e+04 2.000000000000000000e+04 5.000000000000000000e+04 1.000000000000000000e+05
1.725032074108057145e-02 1.809792281337863074e-02 1.887054216143013718e-02 2.373880379101933613e-02 2.222098168572017585e-02 2.184639838486646113e-02 2.210536955582398377e-02 2.346695012558797089e-02 2.926770616284812832e-02
1.753637818247000268e-02 1.778081525710106803e-02 2.044517937056866685e-02 2.179519872733948205e-02 2.214599896147362301e-02 2.205549117978478080e-02 2.437202794246218218e-02 2.326479405846271220e-02 2.765805499438300785e-02
1.724470529477173386e-02 1.787363528138996571e-02 2.235443111564805463e-02 2.258565537543333335e-02 2.155208293419619281e-02 2.239208763795730306e-02 2.402254898981581732e-02 2.796591358026034868e-02 2.798903600623958710e-02
1.737683344321894197e-02 1.838860473996462019e-02 2.160394323246350723e-02 2.159832778615466964e-02 2.244923306216506376e-02 2.286081224458058614e-02 2.243734152880350052e-02 2.316834051009664108e-02 2.867246885409002743e-02
1.722092222804860739e-02 1.856862934222647255e-02 2.149890135444465500e-02 2.337346946056229058e-02 2.234881566934276975e-02 2.178000399027268941e-02 2.237292905643784025e-02 2.380585882636410133e-02 2.834082720148956014e-02
1.709738240925062769e-02 1.780096479973991563e-02 2.144142560987205570e-02 2.163829655106042082e-02 2.193228168135519240e-02 2.228407287660161273e-02 2.738388908635158714e-02 2.342698136067866699e-02 2.817963086037877929e-02
1.737947600618738875e-02 1.762754660490273295e-02 2.178462847546924763e-02 2.184375582189446163e-02 2.413452759562417782e-02 2.262529381997069322e-02 2.289780812614594652e-02 2.483943126760124187e-02 2.805807296380891103e-02
1.709540048702251624e-02 1.779435839231879868e-02 2.079531896395536705e-02 2.163598430846036536e-02 2.153787915823812682e-02 2.178297687360952750e-02 2.403906500836683335e-02 2.478228584339348117e-02 2.845445740915408805e-02
1.716047360013561729e-02 1.775703219038149427e-02 2.121746839824822928e-02 2.318981133421615937e-02 2.151839025634316727e-02 2.430794579046136050e-02 2.378504864297781296e-02 2.467361044129745551e-02 2.809969333056727692e-02
1.728632566153365246e-02 1.792681686113795081e-02 2.172550112903337549e-02 2.173541074017038000e-02 2.188273362569148617e-02 2.144671073580894927e-02 2.251067265119388594e-02 2.301738410049125605e-02 2.978465754365799967e-02
