# ssort
1.000000000000000000e+01 1.000000000000000000e+03 5.000000000000000000e+03 1.000000000000000000e+04 2.000000000000000000e+04 3.500000000000000000e+04 5.000000000000000000e+04 7.000000000000000000e+04 8.500000000000000000e+04 1.000000000000000000e+05 2.000000000000000000e+05 5.000000000000000000e+05 1.000000000000000000e+06
5.285125936893564358e-06 1.919161356198628710e-04 9.731238133241504329e-04 2.031800602779298970e-03 6.289630186529393541e-03 1.084078425982681892e-02 1.874535074077243735e-02 2.975955319544709710e-02 3.912017187229821502e-02 4.563111670748298820e-02 9.840375983858962172e-02 2.529137559936600610e-01 5.312819997859321575e-01
3.303203712334834563e-06 2.041379893427119896e-04 9.757663762997026424e-04 2.001741448992788719e-03 5.076033143026847938e-03 9.373501171310749669e-03 1.774844386072516045e-02 2.895125924730734823e-02 3.951358343429944853e-02 4.452157058088346275e-02 9.658964036039208167e-02 2.635523841863829375e-01 5.376300966781570878e-01
2.972883336838094692e-06 1.796942818828028976e-04 9.853456670612104062e-04 2.307618112652676245e-03 4.868261629582093519e-03 1.043349924223946346e-02 1.762127051785000731e-02 2.860574413912786440e-02 3.977255460524986574e-02 4.627623239227318663e-02 9.594518531633866587e-02 2.607162534799272180e-01 5.445493174920557067e-01
2.972883351048949407e-06 1.823368448583551071e-04 1.123089261810150674e-03 2.074742251011230110e-03 4.872225474045421834e-03 9.497040990112282088e-03 1.750070358238531298e-02 2.860376221690330567e-02 4.155694525006481399e-02 4.809068219083201257e-02 9.659294356410441651e-02 2.527532202933002736e-01 5.369057041042992751e-01
2.972883351048949407e-06 1.872916504339627863e-04 9.698206096118155983e-04 2.299360103378944586e-03 4.648268262414489982e-03 1.075853448743657736e-02 1.860727682564800034e-02 2.914416634405370132e-02 3.737839255538233374e-02 4.694414018268844302e-02 9.706662297628554370e-02 2.623444025891785714e-01 5.344045182541492522e-01
3.303203712334834563e-06 1.876219707952486715e-04 1.009128733770126018e-03 2.007687215666464908e-03 4.800545953514756548e-03 9.054411692801522804e-03 1.784390644799316306e-02 3.033331968008212698e-02 3.774901201177272014e-02 4.432965444526359988e-02 9.668080878282125923e-02 2.605722337981148939e-01 5.386052024137200078e-01
2.972883336838094692e-06 2.569892487258584879e-04 9.694902892505297132e-04 2.336025664561702797e-03 4.597729245631398953e-03 9.786401635224706297e-03 1.827001972672803731e-02 2.920857881642291431e-02 3.766279839490493941e-02 4.494735353924284027e-02 9.608458051295087898e-02 2.522412237180446937e-01 5.335057165243597410e-01
1.057025187378712872e-05 1.879522911565345566e-04 9.509923484642968106e-04 1.999759526768229989e-03 4.927388976014412947e-03 9.234105974712747411e-03 1.857787831262669442e-02 2.884852961190631504e-02 4.042857086230355890e-02 4.494570193739377828e-02 9.680302732013501554e-02 2.608467300265147060e-01 5.327859484356736175e-01
2.972883336838094692e-06 1.863006893074725667e-04 9.793999003733233621e-04 2.156992023429893379e-03 4.574937140034762706e-03 9.944955413359934937e-03 1.773589168664102544e-02 3.243679980339209123e-02 3.799972517344940570e-02 4.462165765332315459e-02 9.620547776877685919e-02 2.605768582833150049e-01 5.409970522210016952e-01
2.972883336838094692e-06 2.057895912059848342e-04 9.780786188855472574e-04 2.124950947418824398e-03 4.591783478971933619e-03 9.615956323713703569e-03 1.822939032108195079e-02 2.944442756140119855e-02 4.294363016802549282e-02 4.588678467472107059e-02 9.660681701969053847e-02 2.533362357483213145e-01 5.325325927110213797e-01
